time	flux	error	model	residuals
2456895.54877	1.00046246329	4.2353893791e-05	1.00078400958	-0.000321294399929
2456895.55054	1.00106158004	4.05749826508e-05	1.00079003266	0.000271333018641
2456895.55231	1.00075502661	4.23538371457e-05	1.00079600917	-4.09499617268e-05
2456895.55408	1.00087997941	4.05747669464e-05	1.00080193756	7.79793192032e-05
2456895.55584	1.00073501176	4.2353745906e-05	1.00080781623	-7.27457019357e-05
2456895.55761	1.00086877168	4.05746518501e-05	1.00081364364	5.50832222446e-05
2456895.55938	1.00084250842	4.23536411833e-05	1.00081941822	2.30712898064e-05
2456895.56116	1.00076298319	4.05850299617e-05	1.00082517059	-6.21361277645e-05
2456895.56293	1.0007240029	4.23532968986e-05	1.00083083457	-0.000106742980067
2456895.5647	1.00081886645	4.05846850651e-05	1.00083644109	-1.75599525465e-05
2456895.56647	1.00087760341	4.23531383681e-05	1.00084198864	3.5584809215e-05
2456895.56824	1.00084223956	4.05838462846e-05	1.0008474757	-5.2317057312e-06
2456895.57001	1.00089209032	4.2351829748e-05	1.00085290078	3.9156145858e-05
2456895.57178	1.00089161172	4.05834242087e-05	1.00085826239	3.33207336989e-05
2456895.57355	1.00092412353	4.23516888402e-05	1.00086355905	6.05122287951e-05
2456895.57531	1.00080552582	4.05819504861e-05	1.0008687893	-6.32085681824e-05
2456895.57708	1.00093335193	4.23513558951e-05	1.00087395171	5.9348358122e-05
2456895.57885	1.00083568522	4.05830031337e-05	1.00087904482	-4.3321516555e-05
2456895.60776	1.00078179335	4.23518662818e-05	1.00095127385	-0.000169319429964
2456895.60953	1.00105057387	4.05741626588e-05	1.00095495514	9.5527505892e-05
2456895.6113	1.00089782206	4.23530505162e-05	1.00095854405	-6.06638427387e-05
2456895.61307	1.00101899292	4.05745411434e-05	1.00096203954	5.68986445164e-05
2456895.61484	1.00096735632	4.23535382526e-05	1.00096544057	1.91390550645e-06
2456895.61661	1.00093942475	4.05747395524e-05	1.00096874615	-2.92930233115e-05
2456895.61838	1.00107089501	4.23534328991e-05	1.0009719553	9.88436326372e-05
2456895.62015	1.0010384835	4.05751016726e-05	1.00097506709	6.33546317044e-05
2456895.62192	1.00103264362	4.2353887594e-05	1.00097808059	5.45097139094e-05
2456895.62369	1.00092602697	4.05741570372e-05	1.00098099491	-5.49140664175e-05
2456895.62545	1.00108231036	4.23532725847e-05	1.00098380918	9.84043721528e-05
2456895.62723	1.00086027093	4.05850866671e-05	1.00098653761	-0.000126142239919
2456895.629	1.00101664245	4.23533842398e-05	1.00097151275	4.50859013509e-05
2456895.63077	1.00082642357	4.05849740006e-05	1.00082887902	-2.45341356036e-06
2456895.63254	1.00084773242	4.23528272552e-05	1.00061622328	0.000231366562181
2456895.63431	1.00034705644	4.05840995042e-05	1.00038163094	-3.45613138791e-05
2456895.63608	1.00032534548	4.23521465174e-05	1.00016119524	0.000164123779811
2456895.63785	1.00001172708	4.05837812829e-05	1.00001383305	-2.10594159976e-06
2456895.67413	0.999853679105	4.23512704015e-05	1.0	-0.000146320895482
2456895.67591	1.00015094857	4.05743801443e-05	1.0	0.000150948569986
2456895.67768	0.999999246369	4.23534460876e-05	1.0	-7.53630978734e-07
2456895.67945	1.0000741457	4.05749776712e-05	1.0	7.41457038984e-05
2456895.68122	1.00006302384	4.2354053661e-05	1.0	6.30238405217e-05
2456895.68299	1.0000130894	4.05748773093e-05	1.0	1.30893957475e-05
2456895.68476	1.00008677824	4.23540559978e-05	1.0	8.67782424165e-05
2456895.68653	0.999985643013	4.05753867097e-05	1.0	-1.43569865972e-05
2456895.6883	1.00008564833	4.23541598551e-05	1.0	8.56483323395e-05
2456895.69007	0.999938073469	4.05751448802e-05	1.0	-6.19265313146e-05
2456895.69184	1.00003796634	4.23538298539e-05	1.0	3.79663400603e-05
2456895.69361	0.999991848094	4.05748504999e-05	1.0	-8.15190551595e-06
2456895.69538	1.00010854629	4.23537459772e-05	1.0	0.000108546286971
2456895.69716	0.999907953773	4.05747278797e-05	1.0	-9.20462271616e-05
2456895.69893	1.00001283649	4.2353482216e-05	1.0	1.2836486653e-05
2456895.7007	0.999795211358	4.05740680378e-05	1.0	-0.000204788641577
2456895.70247	1.00004230312	4.23523540687e-05	1.0	4.23031205288e-05
2456895.70424	0.999927216721	4.0583778665e-05	1.0	-7.27832794538e-05
2456895.74055	1.00070367273	4.2352037665e-05	1.00093576225	-0.000231872536357
2456895.74232	1.00099406162	4.05747916949e-05	1.00093162039	6.23831185989e-05
2456895.74409	1.0009380239	4.23545329734e-05	1.0009273917	1.06223455045e-05
2456895.74586	1.00097216584	4.05751362922e-05	1.00092307738	4.90431822749e-05
2456895.74763	1.00096331989	4.23546317773e-05	1.00091867865	4.46002662689e-05
2456895.7494	1.00086815205	4.0575329808e-05	1.00091419674	-4.60026350639e-05
2456895.75117	1.00093240594	4.23542838432e-05	1.00090963292	2.27523238356e-05
2456895.75294	1.00087358667	4.05753820203e-05	1.00090498846	-3.13734030991e-05
2456895.75471	1.00093342999	4.23545699901e-05	1.00090026467	3.31354892978e-05
2456895.75648	1.00076857694	4.05752145831e-05	1.00089546286	-0.000126772396639
2456895.75825	1.00090219734	4.23544716626e-05	1.00089058438	1.1602628076e-05
2456895.76002	1.00077734341	4.05757786953e-05	1.00088563057	-0.000108191345762
2456895.76181	1.00093088289	4.23544626352e-05	1.00088057422	5.02644147517e-05
2456895.76358	1.00074149667	4.05752520124e-05	1.00087547351	-0.00013385965173
2456895.76535	1.00091336509	4.23538135551e-05	1.00087030168	4.30259716675e-05
2456895.76712	1.00085201042	4.05747744997e-05	1.00086506013	-1.30384275821e-05
2456895.76889	1.00093097036	4.23531892193e-05	1.00085975032	7.11588594641e-05
2456895.77066	1.00084782092	4.05843059487e-05	1.00085437369	-6.54717752913e-06
2456895.80696	1.00062396318	4.23523116245e-05	1.00073196809	-0.000107925919011
2456895.80874	1.00085525625	4.0574942054e-05	1.00072549169	0.000129670484364
2456895.81051	1.00078843123	4.23543008995e-05	1.00071902011	6.93612501708e-05
2456895.81228	1.00075414656	4.0575802418e-05	1.00071251868	4.15982337818e-05
2456895.81405	1.00078616407	4.23548712148e-05	1.00070598904	8.01184614653e-05
2456895.81582	1.00066027894	4.05759270265e-05	1.00069943281	-3.91264992617e-05
2456895.81759	1.00073897956	4.23549911139e-05	1.0006928516	4.60960178689e-05
2456895.81937	1.00067047321	4.05760963667e-05	1.00068624704	-1.5763021632e-05
2456895.82114	1.00063260694	4.2355489316e-05	1.00067962075	-4.69818821549e-05
2456895.82291	1.00056787744	4.0576203167e-05	1.00067297432	-0.000105026207728
2456895.82468	1.00074893661	4.2354802794e-05	1.00066630938	8.25722078343e-05
2456895.82645	1.00056733656	4.05758160075e-05	1.00065962753	-9.22301329485e-05
2456895.82822	1.00073105533	4.23548846074e-05	1.00065293035	7.80739998266e-05
2456895.83	1.00055256417	4.05758727945e-05	1.0006461815	-9.35568779894e-05
2456895.83177	1.00074346214	4.23543680479e-05	1.0006394584	0.000103937280692
2456895.83355	1.0006351685	4.05852965735e-05	1.00063272474	2.44221684611e-06
2456895.83532	1.00069085233	4.23536492718e-05	1.0006259821	6.48296554192e-05
2456895.83709	1.0005536512	4.05847756553e-05	1.00061923203	-6.55402364758e-05
2456895.8734	1.00029709274	4.23528098742e-05	1.00048167332	-0.000184491714212
2456895.87519	1.00062993261	4.05757129563e-05	1.00047508213	0.000154776944973
2456895.87696	1.00050132462	4.23549789238e-05	1.00046855238	3.27568860062e-05
2456895.87873	1.00054020201	4.05762985601e-05	1.00046204821	7.81177100228e-05
2456895.8805	1.00053406495	4.23553351668e-05	1.00045557079	7.84584158913e-05
2456895.88227	1.00045369765	4.05766943742e-05	1.00044912132	4.5742744104e-06
2456895.88404	1.00044491577	4.23557145085e-05	1.00044270095	2.2138419019e-06
2456895.88581	1.00040060833	4.05764199629e-05	1.00043631082	-3.56869158182e-05
2456895.88758	1.00038268046	4.23555798212e-05	1.00042995204	-4.7251264947e-05
2456895.88936	1.00031500058	4.05766812e-05	1.00042362571	-0.000108579134899
2456895.89113	1.00042395735	4.23551002515e-05	1.0004173329	6.62168922766e-06
2456895.8929	1.00032264992	4.05764585397e-05	1.00041107466	-8.83884015518e-05
2456895.89467	1.00046942535	4.23556073232e-05	1.00040485201	6.45472099575e-05
2456895.89645	1.00030135167	4.05760153734e-05	1.00039863113	-9.72406938861e-05
2456895.89822	1.00045740071	4.23548022126e-05	1.00039248289	6.48923448374e-05
2456895.89999	1.00034293787	4.05752958585e-05	1.00038637321	-4.34185666346e-05
2456895.90177	1.00054620391	4.23542774683e-05	1.00038030303	0.000165837807525
2456895.90354	1.00035699198	4.05748579775e-05	1.00037427325	-1.7274806764e-05
2456895.93985	1.00009000298	4.23533812299e-05	1.00026086378	-0.000170816240064
2456895.94162	1.00042565269	4.05762466337e-05	1.00025587882	0.000169730433444
2456895.9434	1.00028756345	4.23559405228e-05	1.00025092085	3.66334146949e-05
2456895.94517	1.00027948395	4.0576876111e-05	1.00024604591	3.3429816605e-05
2456895.94694	1.00021832316	4.23561451416e-05	1.00024122634	-2.28976546562e-05
2456895.94871	1.00028529761	4.0576982568e-05	1.00023646243	4.8823638636e-05
2456895.95048	1.00030882827	4.23561739355e-05	1.00023175447	7.70559471213e-05
2456895.95225	1.00024056667	4.05771013851e-05	1.00022710271	1.34608998168e-05
2456895.95403	1.00022300273	4.2356200173e-05	1.00022250741	4.95206980948e-07
2456895.9558	1.00013838865	4.05770204594e-05	1.00021796876	-7.95627714837e-05
2456895.95757	1.00026963701	4.23557021801e-05	1.00021348697	5.61380583279e-05
2456895.95934	1.0001977437	4.05770393147e-05	1.0002090622	-1.13161357867e-05
2456895.96111	1.00022855237	4.23560185816e-05	1.0002046946	2.38528882902e-05
2456895.96288	1.00011205292	4.05767815319e-05	1.0002003843	-8.83136764655e-05
2456895.96466	1.00026319604	4.23551940293e-05	1.00019610753	6.70753553849e-05
2456895.96644	1.00011518902	4.05759967599e-05	1.00019191245	-7.67087049388e-05
2456895.96821	1.00028394342	4.2354856776e-05	1.00018777491	9.61504550101e-05
2456895.96998	1.00013884607	4.05756903487e-05	1.00018369497	-4.48406683733e-05
2456896.00629	0.999893946811	4.23543138344e-05	1.00011262679	-0.000218655348415
2456896.00806	1.00020315696	4.0576744628e-05	1.00010976052	9.33861898413e-05
2456896.00985	1.00013313033	4.23562416934e-05	1.00010693237	2.61951510136e-05
2456896.01162	1.00011446674	4.05774717462e-05	1.00010417379	1.02918809951e-05
2456896.01339	1.00009587406	4.23568218762e-05	1.00010146838	-5.59374836257e-06
2456896.01516	1.0001320173	4.05775574361e-05	1.00009881578	3.3198237572e-05
2456896.01693	1.00017331182	4.2356696186e-05	1.00009621563	7.70887758401e-05
2456896.0187	1.00007556665	4.05776474662e-05	1.00009366754	-1.80991939767e-05
2456896.02047	1.00011938866	4.23569994037e-05	1.00009117113	2.82149596796e-05
2456896.02224	1.00006011255	4.05773740805e-05	1.000088726	-2.86109116597e-05
2456896.02401	1.00014928394	4.23566300222e-05	1.00008633175	6.29467615085e-05
2456896.02578	1.00013040807	4.05772679121e-05	1.00008398796	4.64162143507e-05
2456896.02756	1.00002485801	4.23565946789e-05	1.00008169421	-5.68315587798e-05
2456896.02933	1.00002494434	4.05773154875e-05	1.00007945008	-5.45014060508e-05
2456896.03111	1.00005496326	4.23562334542e-05	1.00007724287	-2.22778910563e-05
2456896.03288	1.00011195498	4.05765449412e-05	1.00007509694	3.68552800506e-05
2456896.03465	1.00023299451	4.23553129029e-05	1.0000729993	0.000159983526804
2456896.03642	1.00003577332	4.05761115377e-05	1.00007094951	-3.51736993599e-05
2456896.07272	0.999763636683	4.23543342455e-05	1.00003870781	-0.000275060480621
2456896.07449	1.00029486312	4.05772193673e-05	1.000037574	0.000257279453698
2456896.07626	1.00001792369	4.23566851553e-05	1.00003647762	-1.85532542325e-05
2456896.07804	1.00013399742	4.05777904584e-05	1.00003541237	9.85815554163e-05
2456896.07981	0.999986969748	4.23573191456e-05	1.00003438979	-4.74184132481e-05
2456896.08158	1.00009150505	4.05780608558e-05	1.00003340337	5.80997476119e-05
2456896.08335	1.00006109445	4.23572546326e-05	1.00003245268	2.86408371012e-05
2456896.08512	0.999876446781	4.05782030124e-05	1.00003153734	-0.000155085663263
2456896.08689	1.00004033785	4.23576291016e-05	1.00003065693	9.68063089689e-06
2456896.08866	0.999919749545	4.05778452936e-05	1.00002981106	-0.000110058238024
2456896.09043	1.00001037951	4.23575514777e-05	1.00002899936	-1.86193097353e-05
2456896.0922	0.999941777972	4.05779182724e-05	1.00002822145	-8.64410409736e-05
2456896.09397	1.00005702354	4.23570069266e-05	1.00002747696	2.95457648902e-05
2456896.09575	0.99997522435	4.05775010312e-05	1.00002676554	-5.1539811974e-05
2456896.09752	1.00004211755	4.23564415555e-05	1.00002608684	1.60302952628e-05
2456896.0993	0.999952540734	4.05771626052e-05	1.00002543695	-7.28943633675e-05
2456896.10107	0.999742619672	4.23561949455e-05	0.999885088072	-0.000142484772758
2456896.10284	0.998093086198	4.05764406876e-05	0.998740041236	-0.000647771203499
2456896.13913	0.989659550965	4.23554385649e-05	0.989904858492	-0.000247809196075
2456896.1409	0.99005033541	4.05774521491e-05	0.98987431523	0.00017782073689
2456896.14268	0.989853776833	4.23569460938e-05	0.989849452314	4.36886484358e-06
2456896.14445	0.989989700567	4.05779675441e-05	0.98983042986	0.00016090706279
2456896.14622	0.989742903223	4.23570185684e-05	0.989817002953	-7.48620500338e-05
2456896.14799	0.989820943439	4.0578366292e-05	0.989809109824	1.19554516877e-05
2456896.14976	0.989775876014	4.23576322221e-05	0.989806714251	-3.11558176134e-05
2456896.15153	0.989739112532	4.0578262507e-05	0.989809804633	-7.14198830947e-05
2456896.1533	0.989861306342	4.23579812846e-05	0.989818393679	4.33540771311e-05
2456896.15507	0.989751234637	4.05780890774e-05	0.989832518744	-8.21190501891e-05
2456896.15684	0.989943521171	4.23573102348e-05	0.989852242789	9.22141484454e-05
2456896.15861	0.989822106224	4.05779211717e-05	0.989877656084	-5.61179050006e-05
2456896.16038	0.989976425541	4.2357305883e-05	0.989908878641	6.82354718274e-05
2456896.16215	0.989933409906	4.05780463975e-05	0.989946063713	-1.27823193046e-05
2456896.16393	0.990064321652	4.23570995975e-05	0.989989665188	7.54113576561e-05
2456896.1657	0.990018295154	4.0576932991e-05	0.990039429607	-2.13470825459e-05
2456896.16747	0.990249447424	4.23560460539e-05	0.990095872324	0.000155111342633
2456896.16924	0.990180989234	4.05769114473e-05	0.990159344915	2.18594294975e-05
2456896.20551	0.9999298896	4.23553524349e-05	1.00004034929	-0.000110455229286
2456896.20728	1.00023667541	4.05777733536e-05	1.0000415271	0.000195140203411
2456896.20905	1.0000109893	4.23571432706e-05	1.00004274046	-3.17498081811e-05
2456896.21082	1.00010339519	4.05784206331e-05	1.00004398976	5.94028149262e-05
2456896.2126	1.000074822	4.23574862089e-05	1.00004528278	2.95378846705e-05
2456896.21437	1.00009920367	4.05785736078e-05	1.0000466054	5.25958266295e-05
2456896.21614	1.00010516746	4.23579942789e-05	1.00004796519	5.71995251492e-05
2456896.21791	0.999994780152	4.05789953121e-05	1.00004936259	-5.4579740667e-05
2456896.21968	1.00001821278	4.23580018071e-05	1.00005079801	-3.2583576492e-05
2456896.22145	1.00000046804	4.05787806319e-05	1.0000522719	-5.18011448848e-05
2456896.22322	1.0000246697	4.23579404396e-05	1.00005378468	-2.91134105034e-05
2456896.22499	0.999991715002	4.05785323662e-05	1.00005533679	-6.36182649485e-05
2456896.22676	1.0000629127	4.23574340692e-05	1.00005692867	5.98368642964e-06
2456896.22853	0.999981463039	4.05787275729e-05	1.00005856078	-7.70932216855e-05
2456896.2303	1.00015425361	4.23570423879e-05	1.00006023354	9.40144019575e-05
2456896.23206	1.00003383798	4.0577513791e-05	1.00006194742	-2.81076954074e-05
2456896.23384	1.0001332979	4.23564547057e-05	1.00006371289	6.95805788317e-05
2456896.23561	0.999981446868	4.05770914421e-05	1.00006551057	-8.40581960402e-05
2456896.27189	0.999866715739	4.23557483716e-05	1.00011235627	-0.000245612930239
2456896.27365	1.00033759941	4.0578029041e-05	1.00011516195	0.000222411848678
2456896.27542	1.00013937588	4.23570308555e-05	1.00011801894	2.13544210965e-05
2456896.2772	1.00017284596	4.0578563904e-05	1.00012094415	5.18955383799e-05
2456896.27897	1.00019020286	4.23583065825e-05	1.00012390503	6.6289613978e-05
2456896.28074	1.00024054413	4.057899972e-05	1.00012691819	0.000113611523014
2456896.28251	1.00013943547	4.23581238246e-05	1.00012998392	9.4503176729e-06
2456896.28428	1.00018118681	4.05788438084e-05	1.00013310251	4.80778983233e-05
2456896.28605	1.00017639791	4.23583471357e-05	1.00013627423	4.0118206347e-05
2456896.28782	1.00017821349	4.05790625688e-05	1.00013949935	3.87087378559e-05
2456896.28958	1.00020319763	4.23583656273e-05	1.00014277812	6.04108913804e-05
2456896.29135	1.00010027836	4.05789788475e-05	1.00014611076	-4.58257044237e-05
2456896.29312	1.00024558748	4.23581403195e-05	1.0001494975	9.60756154165e-05
2456896.29489	1.00010041408	4.0579187702e-05	1.00015293854	-5.25164298088e-05
2456896.29666	1.00024825438	4.23577920235e-05	1.00015643408	9.18059336605e-05
2456896.29844	1.00019948427	4.05779618237e-05	1.00016000451	3.94734494041e-05
2456896.30021	1.00028162861	4.23567695741e-05	1.00016360986	0.000117999442927
2456896.30198	1.00020209692	4.05775715844e-05	1.00016727018	3.48209125889e-05
2456896.40955	1.00015498668	4.23574304817e-05	1.00048639596	-0.000331248167475
2456896.41131	1.00080444868	4.05787406724e-05	1.00049288879	0.000311406406547
2456896.41308	1.00051997224	4.23577484241e-05	1.00049940329	2.05586848636e-05
2456896.41485	1.00063039541	4.05790051027e-05	1.00050593823	0.000124394247794
2456896.41662	1.00049323692	4.23578279939e-05	1.00051249237	-1.92455843116e-05
2456896.41839	1.00051219795	4.05786288568e-05	1.00051906443	-6.86291917131e-06
2456896.42016	1.00049699964	4.23580482642e-05	1.00052565313	-2.86384273684e-05
2456896.42193	1.00045361875	4.05786245885e-05	1.00053225715	-7.85965712522e-05
2456896.42369	1.00054114055	4.23574684343e-05	1.00053887519	2.26414604056e-06
2456896.42546	1.00041844175	4.05785896367e-05	1.00054550589	-0.000126994872374
2456896.42724	1.00061272407	4.2357594053e-05	1.00055218547	6.05051851748e-05
2456896.42901	1.00049125798	4.05779467473e-05	1.00055883749	-6.75417712477e-05
2456896.43078	1.00050971201	4.23567999631e-05	1.00056549807	-5.5754523136e-05
2456896.43255	1.00052631323	4.05773995253e-05	1.00057216579	-4.5826340911e-05
2456896.43432	1.00056832068	4.23566921049e-05	1.00057883925	-1.05124852796e-05
2456896.43609	1.00052446311	4.05771034971e-05	1.00058551702	-6.10181786247e-05
2456896.43785	1.00064590245	4.23555707201e-05	1.00059219765	5.36730187058e-05
2456896.43962	1.00061385467	4.05764316969e-05	1.00059887969	1.49660182088e-05
2456896.47685	1.00037948921	4.2357267576e-05	1.00073712619	-0.000357373549282
2456896.47862	1.00085636474	4.05787179801e-05	1.00074344978	0.000112831073274
2456896.48038	1.00072871089	4.2357404947e-05	1.00074973887	-2.10122290593e-05
2456896.48215	1.00082395764	4.05784577805e-05	1.00075599186	6.79144396781e-05
2456896.48392	1.0008201561	4.23578012131e-05	1.00076220714	5.79048257925e-05
2456896.48569	1.00073400686	4.0578367778e-05	1.00076838312	-3.43498640731e-05
2456896.48746	1.00071860647	4.23576678694e-05	1.00077451819	-5.58684498165e-05
2456896.48923	1.00075503575	4.05784153129e-05	1.00078061078	-2.5555078733e-05
2456896.491	1.00079993385	4.23574949978e-05	1.00078665928	1.32641393782e-05
2456896.49277	1.00064825979	4.05782487437e-05	1.0007926621	-0.00014428794433
2456896.49455	1.00081018842	4.23576809793e-05	1.00079865119	1.15280155518e-05
2456896.49632	1.00081147037	4.05779442454e-05	1.00080455767	6.90714621933e-06
2456896.49808	1.00087553937	4.23562582357e-05	1.00081041374	6.50728873719e-05
2456896.49985	1.00083130768	4.05771999716e-05	1.00081621786	1.50775180748e-05
2456896.50162	1.00087000636	4.23561020897e-05	1.00082196845	4.79984564195e-05
2456896.50339	1.00078791037	4.05780387627e-05	1.00082766399	-3.97207466341e-05
2456896.50516	1.00103174133	4.23558098607e-05	1.00083330293	0.000198273174121
2456896.50693	1.00087131496	4.05766758347e-05	1.00083888375	3.24040252308e-05
2456896.54227	1.00074198465	4.23571035778e-05	1.00093596255	-0.000193796509767
2456896.54404	1.00116087775	4.05786736171e-05	1.00093999562	0.000220674700318
2456896.54581	1.0009696465	4.23578290909e-05	1.00094394065	2.56816073682e-05
2456896.54758	1.00111282412	4.05784673676e-05	1.00094779651	0.00016487133994
2456896.54935	1.00100317437	4.23574949353e-05	1.00095156208	5.15632193711e-05
2456896.55112	1.00098829926	4.05785010473e-05	1.00095523626	3.30314492763e-05
2456896.55289	1.00101427874	4.23573717817e-05	1.00095881798	5.54076360105e-05
2456896.55467	1.00103253527	4.05782611795e-05	1.00096232562	7.01421439166e-05
2456896.55644	1.00095452962	4.23568552654e-05	1.00096571876	-1.11783437072e-05
2456896.55821	1.00092209524	4.05782049573e-05	1.00096901637	-4.68757075657e-05
2456896.55998	1.00107202465	4.23572259069e-05	1.00097221748	9.97102273819e-05
2456896.56175	1.00094739458	4.05778251114e-05	1.00097532114	-2.78993460673e-05
2456896.56352	1.00110236833	4.23561988395e-05	1.00097832643	0.000123920665202
2456896.56529	1.00093523088	4.05769898405e-05	1.00098123247	-4.59564955342e-05
2456896.56705	1.00113005025	4.23552537861e-05	1.0009840384	0.00014586831017
2456896.56882	1.00105702497	4.05763873623e-05	1.00098674337	7.02123230447e-05
2456896.57059	1.00115398977	4.23553563193e-05	1.00096547416	0.000188333777058
2456896.57236	1.00082245674	4.05763012272e-05	1.00081406356	8.38635040149e-06
2456896.60368	0.999964971173	4.23551330932e-05	1.0	-3.50288266703e-05
2456896.60545	1.0002499528	4.05776603608e-05	1.0	0.000249952802444
2456896.60723	1.00012195605	4.23568025442e-05	1.0	0.000121956049837
2456896.609	1.00015555708	4.05784306524e-05	1.0	0.000155557075844
2456896.61077	1.0000438331	4.23575281998e-05	1.0	4.38330959618e-05
2456896.61254	1.00004131028	4.05786443886e-05	1.0	4.13102800263e-05
2456896.61431	1.00004230333	4.23575955023e-05	1.0	4.2303330577e-05
2456896.61608	0.999996965748	4.05784031086e-05	1.0	-3.03425238357e-06
2456896.61785	1.00002704561	4.23574248855e-05	1.0	2.70456057825e-05
2456896.61962	0.999951631333	4.05781082744e-05	1.0	-4.83686671552e-05
2456896.62139	0.999887707527	4.23573088118e-05	1.0	-0.000112292473362
2456896.62316	0.999864049003	4.05784996294e-05	1.0	-0.000135950997231
2456896.62493	0.999972546413	4.23573634471e-05	1.0	-2.745358733e-05
2456896.6267	0.999957099262	4.05783537741e-05	1.0	-4.2900738211e-05
2456896.62848	0.999935968969	4.23569191293e-05	1.0	-6.40310312822e-05
2456896.63025	0.999963003076	4.05772683484e-05	1.0	-3.69969237259e-05
2456896.63202	1.0000064955	4.23562259534e-05	1.0	6.4955007586e-06
2456896.63379	1.00012535731	4.05766932772e-05	1.0	0.000125357312641
2456896.67007	1.00058820706	4.23550528622e-05	1.00096031711	-0.000371753051546
2456896.67184	1.00104363424	4.05776370928e-05	1.0009577861	8.57659952112e-05
2456896.67362	1.00091170414	4.23569629064e-05	1.00095416422	-4.24196012476e-05
2456896.67539	1.0009815491	4.05783404799e-05	1.00095044911	3.10704567098e-05
2456896.67717	1.00086659822	4.23575786411e-05	1.00094662006	-7.99461566876e-05
2456896.67894	1.00088743741	4.05785688038e-05	1.00094272118	-5.52317078231e-05
2456896.68071	1.00090230911	4.23574879448e-05	1.00093873233	-3.63890671297e-05
2456896.68248	1.00087092204	4.05787615379e-05	1.00093465464	-6.36730888303e-05
2456896.68425	1.0008874798	4.23573498525e-05	1.00093048926	-4.29694868567e-05
2456896.68602	1.00085866156	4.05785789282e-05	1.00092623738	-6.75132895539e-05
2456896.68779	1.00081415676	4.23575643455e-05	1.00092190019	-0.000107644196904
2456896.68956	1.00079247809	4.05784264841e-05	1.00091747892	-0.000124886252824
2456896.69133	1.00087424127	4.23572784624e-05	1.00091297482	-3.86982103295e-05
2456896.6931	1.00075847257	4.05786116843e-05	1.00090838913	-0.000149780501958
2456896.69487	1.00081218965	4.23571048382e-05	1.00090372317	-9.14508672808e-05
2456896.69664	1.00077180381	4.05773923959e-05	1.00089897822	-0.000127060180782
2456896.69842	1.00098337601	4.23561994043e-05	1.00089412815	8.91681346091e-05
2456896.70019	1.00075902703	4.05769328396e-05	1.00088922881	-0.000130086102759
