time	flux
2456895.54877	1.00076130467
2456895.54992	1.00076535412
2456895.55054	1.0007675208
2456895.55107	1.00076938304
2456895.55169	1.00077153851
2456895.55222	1.00077339097
2456895.55284	1.00077553497
2456895.55337	1.00077737743
2456895.55399	1.00077950971
2456895.55452	1.00078134194
2456895.55514	1.00078346225
2456895.55567	1.00078528404
2456895.55629	1.00078739212
2456895.55682	1.00078920326
2456895.55744	1.00079129885
2456895.55798	1.00079309912
2456895.55859	1.00079518197
2456895.55913	1.00079697115
2456895.55974	1.00079904103
2456895.56028	1.0008008189
2456895.56089	1.00080287555
2456895.56143	1.00080464189
2456895.56205	1.00080668506
2456895.56258	1.00080843968
2456895.5632	1.00081046911
2456895.56373	1.00081221179
2456895.56435	1.00081422725
2456895.56488	1.00081595776
2456895.5655	1.00081795901
2456895.56603	1.00081967715
2456895.56665	1.00082166393
2456895.56718	1.0008233695
2456895.5678	1.00082534158
2456895.56833	1.00082703436
2456895.56895	1.00082899149
2456895.56948	1.00083067128
2456895.5701	1.00083261322
2456895.57063	1.00083427981
2456895.57125	1.00083620632
2456895.57178	1.0008378595
2456895.5724	1.00083977035
2456895.57294	1.00084140993
2456895.57355	1.00084330488
2456895.57409	1.00084493064
2456895.5747	1.00084680946
2456895.57524	1.00084842121
2456895.57586	1.00085028366
2456895.57639	1.0008518812
2456895.57701	1.00085372705
2456895.57754	1.00085531018
2456895.57816	1.0008571392
2456895.57869	1.00085870773
2456895.57931	1.00086051969
2456895.57984	1.00086207341
2456895.58046	1.00086386809
2456895.58099	1.00086540681
2456895.58161	1.00086718398
2456895.58214	1.00086870752
2456895.58276	1.00087046696
2456895.58329	1.00087197511
2456895.58391	1.0008737166
2456895.58444	1.00087520918
2456895.58506	1.0008769325
2456895.58559	1.00087840932
2456895.58621	1.00088011425
2456895.58675	1.00088157513
2456895.58736	1.00088326145
2456895.5879	1.0008847062
2456895.58851	1.00088637371
2456895.58905	1.00088780215
2456895.58967	1.00088945062
2456895.5902	1.00089086257
2456895.59082	1.00089249181
2456895.59135	1.00089388708
2456895.59197	1.00089549688
2456895.5925	1.0008968753
2456895.59312	1.00089846544
2456895.59365	1.00089982684
2456895.59427	1.00090139713
2456895.5948	1.00090274133
2456895.59542	1.00090429156
2456895.59595	1.00090561839
2456895.59657	1.00090714837
2456895.5971	1.00090845766
2456895.59772	1.0009099672
2456895.59825	1.00091125878
2456895.59887	1.00091274767
2456895.5994	1.00091402137
2456895.60002	1.00091548943
2456895.60055	1.0009167451
2456895.60117	1.00091819213
2456895.60171	1.0009194296
2456895.60232	1.00092085542
2456895.60286	1.00092207453
2456895.60347	1.00092347896
2456895.60401	1.00092467955
2456895.60463	1.00092606241
2456895.60516	1.00092724433
2456895.60578	1.00092860543
2456895.60631	1.00092976852
2456895.60693	1.00093110769
2456895.60746	1.00093225181
2456895.60808	1.00093356887
2456895.60861	1.00093469387
2456895.60923	1.00093598865
2456895.60976	1.00093709438
2456895.61038	1.00093836672
2456895.61091	1.00093945303
2456895.61153	1.00094070276
2456895.61206	1.00094176952
2456895.61268	1.00094299647
2456895.61321	1.00094404353
2456895.61383	1.00094524754
2456895.61436	1.00094627478
2456895.61498	1.0009474557
2456895.61552	1.00094846296
2456895.61613	1.00094962064
2456895.61667	1.0009506078
2456895.61728	1.00095174208
2456895.61782	1.00095270901
2456895.61844	1.00095381974
2456895.61897	1.00095476632
2456895.61959	1.00095585335
2456895.62012	1.00095677945
2456895.62074	1.00095784264
2456895.62127	1.00095874815
2456895.62189	1.00095978736
2456895.62242	1.00096067214
2456895.62304	1.00096168723
2456895.62357	1.00096255118
2456895.62419	1.00096354202
2456895.62472	1.00096438501
2456895.62534	1.00096535147
2456895.62587	1.0009661734
2456895.62649	1.00096711535
2456895.62702	1.00096791611
2456895.62764	1.00096883342
2456895.62817	1.0009696129
2456895.62879	1.00097050546
2456895.62933	1.00097104269
2456895.62994	1.00096320864
2456895.63048	1.0009414955
2456895.63109	1.00089718453
2456895.63163	1.0008487213
2456895.63224	1.00078417365
2456895.63278	1.00072322835
2456895.6334	1.00064792371
2456895.63393	1.00058030249
2456895.63455	1.00049988683
2456895.63508	1.00043001144
2456895.6357	1.00034946123
2456895.63623	1.00028170692
2456895.63685	1.00020648819
2456895.63738	1.00014620839
2456895.638	1.00008395857
2456895.63853	1.00004033242
2456895.63915	1.00000985961
2456895.63968	1.00000065221
2456895.6403	1.0
2456895.64083	1.0
2456895.64145	1.0
2456895.64198	1.0
2456895.6426	1.0
2456895.64313	1.0
2456895.64375	1.0
2456895.64429	1.0
2456895.6449	1.0
2456895.64544	1.0
2456895.64605	1.0
2456895.64659	1.0
2456895.64721	1.0
2456895.64774	1.0
2456895.64836	1.0
2456895.64889	1.0
2456895.64951	1.0
2456895.65004	1.0
2456895.65066	1.0
2456895.65119	1.0
2456895.65181	1.0
2456895.65234	1.0
2456895.65296	1.0
2456895.65349	1.0
2456895.65411	1.0
2456895.65464	1.0
2456895.65526	1.0
2456895.65579	1.0
2456895.65641	1.0
2456895.65694	1.0
2456895.65756	1.0
2456895.6581	1.0
2456895.65871	1.0
2456895.65925	1.0
2456895.65986	1.0
2456895.6604	1.0
2456895.66102	1.0
2456895.66155	1.0
2456895.66217	1.0
2456895.6627	1.0
2456895.66332	1.0
2456895.66385	1.0
2456895.66447	1.0
2456895.665	1.0
2456895.66562	1.0
2456895.66615	1.0
2456895.66677	1.0
2456895.6673	1.0
2456895.66792	1.0
2456895.66845	1.0
2456895.66907	1.0
2456895.6696	1.0
2456895.67022	1.0
2456895.67075	1.0
2456895.67137	1.0
2456895.6719	1.0
2456895.67252	1.0
2456895.67306	1.0
2456895.67367	1.0
2456895.67421	1.0
2456895.67482	1.0
2456895.67536	1.0
2456895.67598	1.0
2456895.67651	1.0
2456895.67713	1.0
2456895.67766	1.0
2456895.67828	1.0
2456895.67881	1.0
2456895.67943	1.0
2456895.67996	1.0
2456895.68058	1.0
2456895.68111	1.0
2456895.68173	1.0
2456895.68226	1.0
2456895.68288	1.0
2456895.68341	1.0
2456895.68403	1.0
2456895.68456	1.0
2456895.68518	1.0
2456895.68571	1.0
2456895.68633	1.0
2456895.68687	1.0
2456895.68748	1.0
2456895.68802	1.0
2456895.68863	1.0
2456895.68917	1.0
2456895.68979	1.0
2456895.69032	1.0
2456895.69094	1.0
2456895.69147	1.0
2456895.69209	1.0
2456895.69262	1.0
2456895.69324	1.0
2456895.69377	1.0
2456895.69439	1.0
2456895.69492	1.0
2456895.69554	1.0
2456895.69607	1.0
2456895.69669	1.0
2456895.69722	1.0
2456895.69784	1.0
2456895.69837	1.0
2456895.69899	1.0
2456895.69952	1.0
2456895.70014	1.0
2456895.70068	1.0
2456895.70129	1.0
2456895.70183	1.0
2456895.70244	1.0
2456895.70298	1.0
2456895.70359	1.0
2456895.70413	1.0
2456895.70475	1.0
2456895.70528	1.0
2456895.7059	1.0
2456895.70643	1.0
2456895.70705	1.0
2456895.70758	1.0
2456895.7082	1.0
2456895.70873	1.0
2456895.70935	1.0
2456895.70988	1.0
2456895.7105	1.0
2456895.71103	1.0
2456895.71165	1.0
2456895.71218	1.0
2456895.7128	1.0
2456895.71333	1.0
2456895.71395	1.0
2456895.71448	1.0
2456895.7151	1.0
2456895.71564	1.0
2456895.71625	1.0
2456895.71679	1.0
2456895.7174	1.0
2456895.71794	1.0
2456895.71856	1.0
2456895.71909	1.0
2456895.71971	1.0000014345
2456895.72024	1.0000128912
2456895.72086	1.00004620897
2456895.72139	1.00009031752
2456895.72201	1.00015174707
2456895.72254	1.00021055327
2456895.72316	1.00028346328
2456895.72369	1.0003487696
2456895.72431	1.00042611135
2456895.72484	1.00049290637
2456895.72546	1.00056951269
2456895.72599	1.00063363111
2456895.72661	1.00070472773
2456895.72714	1.00076189366
2456895.72776	1.00082195379
2456895.72829	1.00086637898
2456895.72891	1.00090537939
2456895.72945	1.0009226716
2456895.73006	1.00092729368
2456895.7306	1.00092612238
2456895.73121	1.00092473454
2456895.73175	1.00092353034
2456895.73237	1.00092212064
2456895.7329	1.00092089771
2456895.73352	1.00091946634
2456895.73405	1.00091822483
2456895.73467	1.00091677196
2456895.7352	1.00091551204
2456895.73582	1.00091403785
2456895.73635	1.00091275967
2456895.73697	1.00091126436
2456895.7375	1.00090996808
2456895.73812	1.00090845183
2456895.73865	1.00090713762
2456895.73927	1.00090560062
2456895.7398	1.00090426864
2456895.74042	1.00090271109
2456895.74095	1.00090136151
2456895.74157	1.0008997836
2456895.7421	1.00089841658
2456895.74272	1.00089681851
2456895.74325	1.00089543424
2456895.74387	1.00089381621
2456895.74441	1.00089241485
2456895.74502	1.00089077706
2456895.74556	1.00088935879
2456895.74617	1.00088770145
2456895.74671	1.00088626645
2456895.74733	1.00088458976
2456895.74786	1.00088313821
2456895.74848	1.00088144238
2456895.74901	1.00087997445
2456895.74963	1.00087825971
2456895.75016	1.00087677559
2456895.75078	1.00087504213
2456895.75131	1.000873542
2456895.75193	1.00087179005
2456895.75246	1.0008702741
2456895.75308	1.00086850387
2456895.75361	1.00086697229
2456895.75423	1.000865184
2456895.75476	1.00086363698
2456895.75538	1.00086183085
2456895.75591	1.00086026859
2456895.75653	1.00085844484
2456895.75706	1.00085686752
2456895.75768	1.00085502638
2456895.75822	1.0008534342
2456895.75883	1.0008515759
2456895.75937	1.00084996905
2456895.75998	1.00084809381
2456895.76052	1.0008464725
2456895.76114	1.00084458056
2456895.76167	1.00084294497
2456895.76229	1.00084103656
2456895.76282	1.0008393869
2456895.76344	1.00083746225
2456895.76397	1.00083579873
2456895.76459	1.00083385808
2456895.76512	1.00083218089
2456895.76574	1.00083022447
2456895.76627	1.00082853382
2456895.76689	1.00082656187
2456895.76742	1.00082485797
2456895.76804	1.00082287073
2456895.76857	1.00082115379
2456895.76919	1.0008191515
2456895.76972	1.00081742172
2456895.77034	1.00081540462
2456895.77087	1.00081366221
2456895.77149	1.00081163055
2456895.77202	1.00080987573
2456895.77264	1.00080782975
2456895.77318	1.00080606272
2456895.77379	1.00080400267
2456895.77433	1.00080222364
2456895.77495	1.00080014977
2456895.77548	1.00079835896
2456895.7761	1.00079627151
2456895.77663	1.00079446914
2456895.77725	1.00079236837
2456895.77778	1.00079055464
2456895.7784	1.0007884408
2456895.77893	1.00078661594
2456895.77955	1.00078448927
2456895.78008	1.0007826535
2456895.7807	1.00078051426
2456895.78123	1.00077866778
2456895.78185	1.00077651623
2456895.78238	1.00077465928
2456895.783	1.00077249566
2456895.78353	1.00077062845
2456895.78415	1.00076845302
2456895.78468	1.00076657577
2456895.7853	1.00076438879
2456895.78583	1.00076250173
2456895.78645	1.00076030346
2456895.78699	1.00075840679
2456895.7876	1.00075619749
2456895.78814	1.00075429145
2456895.78875	1.00075207136
2456895.78929	1.00075015617
2456895.78991	1.00074792557
2456895.79044	1.00074600145
2456895.79106	1.00074376059
2456895.79159	1.00074182776
2456895.79221	1.0007395769
2456895.79274	1.0007376356
2456895.79336	1.000735375
2456895.79389	1.00073342543
2456895.79451	1.00073115536
2456895.79504	1.00072919776
2456895.79566	1.00072691847
2456895.79619	1.00072495307
2456895.79681	1.00072266482
2456895.79734	1.00072069184
2456895.79796	1.0007183949
2456895.79849	1.00071641456
2456895.79911	1.00071410919
2456895.79964	1.00071212172
2456895.80026	1.00070980818
2456895.8008	1.0007078138
2456895.80141	1.00070549236
2456895.80195	1.00070349131
2456895.80256	1.00070116222
2456895.8031	1.00069915472
2456895.80372	1.00069681825
2456895.80425	1.00069480452
2456895.80487	1.00069246094
2456895.8054	1.00069044121
2456895.80602	1.00068809077
2456895.80655	1.00068606527
2456895.80717	1.00068370823
2456895.8077	1.00068167718
2456895.80832	1.00067931382
2456895.80885	1.00067727745
2456895.80947	1.00067490802
2456895.81	1.00067286655
2456895.81062	1.00067049132
2456895.81115	1.00066844498
2456895.81177	1.00066606421
2456895.8123	1.00066401322
2456895.81292	1.00066162716
2456895.81345	1.00065957176
2456895.81407	1.00065718068
2456895.8146	1.00065512109
2456895.81522	1.00065272525
2456895.81576	1.00065066168
2456895.81637	1.00064826134
2456895.81691	1.00064619403
2456895.81752	1.00064378945
2456895.81806	1.00064171861
2456895.81868	1.00063931006
2456895.81921	1.00063723592
2456895.81983	1.00063482364
2456895.82036	1.00063274643
2456895.82098	1.00063033069
2456895.82151	1.00062825062
2456895.82213	1.00062583167
2456895.82266	1.00062374897
2456895.82328	1.00062132708
2456895.82381	1.00061924196
2456895.82443	1.00061681738
2456895.82496	1.00061473007
2456895.82558	1.00061230306
2456895.82611	1.00061021377
2456895.82673	1.00060778458
2456895.82726	1.00060569354
2456895.82788	1.00060326241
2456895.82841	1.00060116984
2456895.82903	1.00059873704
2456895.82957	1.00059664315
2456895.83018	1.00059420893
2456895.83072	1.00059211394
2456895.83133	1.00058967855
2456895.83187	1.00058758267
2456895.83249	1.00058514636
2456895.83302	1.0005830498
2456895.83364	1.00058061282
2456895.83417	1.00057851581
2456895.83479	1.0005760784
2456895.83532	1.00057398115
2456895.83594	1.00057154357
2456895.83647	1.00056944628
2456895.83709	1.00056700877
2456895.83762	1.00056491165
2456895.83824	1.00056247446
2456895.83877	1.00056037773
2456895.83939	1.00055794109
2456895.83992	1.00055584496
2456895.84054	1.00055340912
2456895.84107	1.00055131379
2456895.84169	1.00054887899
2456895.84222	1.00054678467
2456895.84284	1.00054435115
2456895.84337	1.00054225805
2456895.84399	1.00053982604
2456895.84453	1.00053773436
2456895.84514	1.0005353041
2456895.84568	1.00053321404
2456895.8463	1.00053078577
2456895.84683	1.00052869754
2456895.84745	1.00052627149
2456895.84798	1.00052418528
2456895.8486	1.00052176169
2456895.84913	1.0005196777
2456895.84975	1.00051725679
2456895.85028	1.00051517522
2456895.8509	1.00051275722
2456895.85143	1.00051067827
2456895.85205	1.00050826341
2456895.85258	1.00050618727
2456895.8532	1.00050377578
2456895.85373	1.00050170264
2456895.85435	1.00049929474
2456895.85488	1.0004972248
2456895.8555	1.0004948207
2456895.85603	1.00049275415
2456895.85665	1.00049035408
2456895.85718	1.0004882911
2456895.8578	1.00048589529
2456895.85834	1.00048383607
2456895.85895	1.00048144472
2456895.85949	1.00047938945
2456895.8601	1.00047700278
2456895.86064	1.00047495164
2456895.86126	1.00047256986
2456895.86179	1.00047052304
2456895.86241	1.00046814636
2456895.86294	1.00046610403
2456895.86356	1.00046373267
2456895.86409	1.00046169501
2456895.86471	1.00045932918
2456895.86524	1.00045729637
2456895.86586	1.00045493626
2456895.86639	1.00045290847
2456895.86701	1.00045055429
2456895.86754	1.0004485317
2456895.86816	1.00044618364
2456895.86869	1.00044416643
2456895.86931	1.0004418247
2456895.86984	1.00043981303
2456895.87046	1.00043747782
2456895.87099	1.00043547186
2456895.87161	1.00043314337
2456895.87215	1.00043114328
2456895.87276	1.00042882171
2456895.8733	1.00042682766
2456895.87391	1.00042451319
2456895.87445	1.00042252534
2456895.87507	1.00042021816
2456895.8756	1.00041823668
2456895.87622	1.00041593697
2456895.87675	1.00041396201
2456895.87737	1.00041166996
2456895.8779	1.00040970168
2456895.87852	1.00040741747
2456895.87905	1.00040545602
2456895.87967	1.00040317983
2456895.8802	1.00040122537
2456895.88082	1.00039895737
2456895.88135	1.00039701004
2456895.88197	1.00039475042
2456895.8825	1.00039281038
2456895.88312	1.0003905593
2456895.88365	1.00038862669
2456895.88427	1.00038638432
2456895.8848	1.00038445928
2456895.88542	1.00038222579
2456895.88595	1.00038030848
2456895.88657	1.00037808403
2456895.88711	1.00037617457
2456895.88772	1.00037395933
2456895.88826	1.00037205787
2456895.88887	1.00036985199
2456895.88941	1.00036795867
2456895.89003	1.00036576232
2456895.89056	1.00036387726
2456895.89118	1.00036169058
2456895.89171	1.00035981393
2456895.89233	1.00035763708
2456895.89286	1.00035576896
2456895.89348	1.00035360209
2456895.89401	1.00035174262
2456895.89463	1.00034958588
2456895.89516	1.0003477352
2456895.89578	1.00034558872
2456895.89631	1.00034374695
2456895.89693	1.00034161088
2456895.89746	1.00033977814
2456895.89808	1.00033765263
2456895.89861	1.00033582903
2456895.89923	1.00033371421
2456895.89976	1.00033189987
2456895.90038	1.00032979588
2456895.90092	1.00032799092
2456895.90153	1.00032589788
2456895.90207	1.00032410241
2456895.90268	1.00032202046
2456895.90322	1.00032023459
2456895.90384	1.00031816384
2456895.90437	1.00031638768
2456895.90499	1.00031432827
2456895.90552	1.00031256193
2456895.90614	1.00031051398
2456895.90667	1.00030875754
2456895.90729	1.00030672117
2456895.90782	1.00030497475
2456895.90844	1.00030295007
2456895.90897	1.00030121377
2456895.90959	1.00029920089
2456895.91012	1.0002974748
2456895.91074	1.00029547383
2456895.91127	1.00029375805
2456895.91189	1.00029176911
2456895.91242	1.00029006372
2456895.91304	1.00028808691
2456895.91357	1.00028639201
2456895.91419	1.00028442743
2456895.91472	1.0002827431
2456895.91534	1.00028079085
2456895.91588	1.00027911718
2456895.91649	1.00027717736
2456895.91703	1.00027551444
2456895.91765	1.00027358714
2456895.91818	1.00027193503
2456895.9188	1.00027002035
2456895.91933	1.00026837915
2456895.91995	1.00026647717
2456895.92048	1.00026484693
2456895.9211	1.00026295775
2456895.92163	1.00026133856
2456895.92225	1.00025946225
2456895.92278	1.00025785419
2456895.9234	1.00025599083
2456895.92393	1.00025439395
2456895.92455	1.00025254364
2456895.92508	1.00025095801
2456895.9257	1.0002491208
2456895.92623	1.00024754649
2456895.92685	1.00024572247
2456895.92738	1.00024415954
2456895.928	1.00024234877
2456895.92853	1.00024079728
2456895.92915	1.00023899984
2456895.92969	1.00023745984
2456895.9303	1.00023567578
2456895.93084	1.00023414733
2456895.93145	1.00023237673
2456895.93199	1.00023085989
2456895.93261	1.00022910279
2456895.93314	1.0002275976
2456895.93376	1.00022585408
2456895.93429	1.00022436059
2456895.93491	1.00022263069
2456895.93544	1.00022114894
2456895.93606	1.00021943272
2456895.93659	1.00021796276
2456895.93721	1.00021626026
2456895.93774	1.00021480214
2456895.93836	1.00021311341
2456895.93889	1.00021166716
2456895.93951	1.00020999225
2456895.94004	1.0002085579
2456895.94066	1.00020689685
2456895.94119	1.00020547445
2456895.94181	1.00020382729
2456895.94234	1.00020241686
2456895.94296	1.00020078364
2456895.94349	1.00019938521
2456895.94411	1.00019776596
2456895.94465	1.00019637957
2456895.94526	1.00019477431
2456895.9458	1.00019339998
2456895.94642	1.00019180875
2456895.94695	1.0001904465
2456895.94757	1.00018886932
2456895.9481	1.00018751918
2456895.94872	1.00018595608
2456895.94925	1.00018461806
2456895.94987	1.00018306906
2456895.9504	1.00018174318
2456895.95102	1.0001802083
2456895.95155	1.00017889458
2456895.95217	1.00017737383
2456895.9527	1.00017607228
2456895.95332	1.00017456568
2456895.95385	1.0001732763
2456895.95447	1.00017178387
2456895.955	1.00017050668
2456895.95562	1.00016902842
2456895.95615	1.00016776343
2456895.95677	1.00016629934
2456895.9573	1.00016504655
2456895.95792	1.00016359665
2456895.95846	1.00016235606
2456895.95907	1.00016092034
2456895.95961	1.00015969196
2456895.96022	1.00015827042
2456895.96076	1.00015705424
2456895.96138	1.00015564689
2456895.96191	1.00015444291
2456895.96253	1.00015304973
2456895.96306	1.00015185794
2456895.96368	1.00015047894
2456895.96421	1.00014929934
2456895.96483	1.0001479345
2456895.96536	1.00014676707
2456895.96598	1.00014541638
2456895.96651	1.00014426113
2456895.96713	1.00014292457
2456895.96766	1.00014178147
2456895.96828	1.00014045903
2456895.96881	1.00013932808
2456895.96943	1.00013801974
2456895.96996	1.00013690091
2456895.97058	1.00013560666
2456895.97111	1.00013449993
2456895.97173	1.00013321974
2456895.97227	1.00013212509
2456895.97288	1.00013085894
2456895.97342	1.00012977636
2456895.97403	1.00012852421
2456895.97457	1.00012745368
2456895.97519	1.00012621551
2456895.97572	1.00012515699
2456895.97634	1.00012393278
2456895.97687	1.00012288624
2456895.97749	1.00012167595
2456895.97802	1.00012064138
2456895.97864	1.00011944497
2456895.97917	1.00011842232
2456895.97979	1.00011723976
2456895.98032	1.00011622901
2456895.98094	1.00011506027
2456895.98147	1.00011406138
2456895.98209	1.00011290641
2456895.98262	1.00011191935
2456895.98324	1.0001107781
2456895.98377	1.00010980283
2456895.98439	1.00010867527
2456895.98492	1.00010771176
2456895.98554	1.00010659784
2456895.98607	1.00010564604
2456895.98669	1.00010454572
2456895.98723	1.00010360559
2456895.98784	1.00010251881
2456895.98838	1.00010159031
2456895.989	1.00010051702
2456895.98953	1.00009960011
2456895.99015	1.00009854027
2456895.99068	1.00009763489
2456895.9913	1.00009658844
2456895.99183	1.00009569455
2456895.99245	1.00009466143
2456895.99298	1.00009377899
2456895.9936	1.00009275915
2456895.99413	1.0000918881
2456895.99475	1.00009088148
2456895.99528	1.00009002178
2456895.9959	1.00008902831
2456895.99643	1.0000881799
2456895.99705	1.00008719953
2456895.99758	1.00008636235
2456895.9982	1.00008539502
2456895.99873	1.00008456902
2456895.99935	1.00008361466
2456895.99988	1.00008279979
2456896.0005	1.00008185833
2456896.00104	1.00008105453
2456896.00165	1.0000801259
2456896.00219	1.00007933312
2456896.0028	1.00007841726
2456896.00334	1.00007763543
2456896.00396	1.00007673227
2456896.00449	1.00007596132
2456896.00511	1.00007507079
2456896.00564	1.00007431068
2456896.00626	1.00007343271
2456896.00679	1.00007268336
2456896.00741	1.00007181787
2456896.00794	1.00007107922
2456896.00856	1.00007022614
2456896.00909	1.00006949813
2456896.00971	1.00006865738
2456896.01024	1.00006793995
2456896.01086	1.00006711146
2456896.01139	1.00006640453
2456896.01201	1.00006558822
2456896.01254	1.00006489173
2456896.01316	1.00006408751
2456896.01369	1.0000634014
2456896.01431	1.00006260921
2456896.01484	1.00006193339
2456896.01546	1.00006115314
2456896.016	1.00006048756
2456896.01661	1.00005971916
2456896.01715	1.00005906374
2456896.01777	1.00005830712
2456896.0183	1.00005766179
2456896.01892	1.00005691687
2456896.01945	1.00005628156
2456896.02007	1.00005554824
2456896.0206	1.00005492288
2456896.02122	1.00005420108
2456896.02175	1.00005358559
2456896.02237	1.00005287524
2456896.0229	1.00005226955
2456896.02352	1.00005157054
2456896.02405	1.00005097458
2456896.02467	1.00005028684
2456896.0252	1.00004970052
2456896.02582	1.00004902397
2456896.02635	1.00004844722
2456896.02697	1.00004778175
2456896.0275	1.00004721451
2456896.02812	1.00004656004
2456896.02865	1.00004600222
2456896.02927	1.00004535867
2456896.02981	1.00004481018
2456896.03042	1.00004417745
2456896.03096	1.00004363824
2456896.03158	1.00004301625
2456896.03211	1.00004248622
2456896.03273	1.00004187487
2456896.03326	1.00004135396
2456896.03388	1.00004075315
2456896.03441	1.00004024127
2456896.03503	1.00003965093
2456896.03556	1.00003914801
2456896.03618	1.00003856804
2456896.03671	1.00003807399
2456896.03733	1.00003750429
2456896.03786	1.00003701904
2456896.03848	1.00003645953
2456896.03901	1.000035983
2456896.03963	1.00003543358
2456896.04016	1.00003496568
2456896.04078	1.00003442627
2456896.04131	1.00003396693
2456896.04193	1.00003343742
2456896.04246	1.00003298656
2456896.04308	1.00003246687
2456896.04362	1.00003202441
2456896.04423	1.00003151444
2456896.04477	1.0000310803
2456896.04538	1.00003057996
2456896.04592	1.00003015406
2456896.04654	1.00002966326
2456896.04707	1.00002924552
2456896.04769	1.00002876417
2456896.04822	1.00002835451
2456896.04884	1.0000278825
2456896.04937	1.00002748084
2456896.04999	1.0000270181
2456896.05052	1.00002662436
2456896.05114	1.00002617079
2456896.05167	1.00002578489
2456896.05229	1.0000253404
2456896.05282	1.00002496226
2456896.05344	1.00002452675
2456896.05397	1.0000241563
2456896.05459	1.00002372968
2456896.05512	1.00002336683
2456896.05574	1.00002294901
2456896.05627	1.00002259369
2456896.05689	1.00002218458
2456896.05742	1.00002183671
2456896.05804	1.00002143622
2456896.05858	1.00002109572
2456896.05919	1.00002070376
2456896.05973	1.00002037055
2456896.06035	1.00001998703
2456896.06088	1.00001966104
2456896.0615	1.00001928587
2456896.06203	1.00001896701
2456896.06265	1.0000186001
2456896.06318	1.00001828831
2456896.0638	1.00001792957
2456896.06433	1.00001762477
2456896.06495	1.00001727411
2456896.06548	1.00001697622
2456896.0661	1.00001663356
2456896.06663	1.0000163425
2456896.06725	1.00001600775
2456896.06778	1.00001572346
2456896.0684	1.00001539653
2456896.06893	1.00001511893
2456896.06955	1.00001479974
2456896.07008	1.00001452875
2456896.0707	1.00001421721
2456896.07123	1.00001395276
2456896.07185	1.00001364879
2456896.07239	1.00001339081
2456896.073	1.00001309433
2456896.07354	1.00001284275
2456896.07415	1.00001255367
2456896.07469	1.00001230842
2456896.07531	1.00001202666
2456896.07584	1.00001178767
2456896.07646	1.00001151315
2456896.07699	1.00001128035
2456896.07761	1.00001101299
2456896.07814	1.0000107863
2456896.07876	1.00001052603
2456896.07929	1.00001030539
2456896.07991	1.00001005212
2456896.08044	1.00000983747
2456896.08106	1.00000959112
2456896.08159	1.00000938239
2456896.08221	1.00000914289
2456896.08274	1.00000894001
2456896.08336	1.00000870729
2456896.08389	1.0000085102
2456896.08451	1.00000828417
2456896.08504	1.00000809281
2456896.08566	1.00000787341
2456896.08619	1.00000768771
2456896.08681	1.00000747486
2456896.08735	1.00000729476
2456896.08796	1.0000070884
2456896.0885	1.00000691384
2456896.08912	1.00000671388
2456896.08965	1.00000654481
2456896.09027	1.00000635119
2456896.0908	1.00000618754
2456896.09142	1.0000060002
2456896.09195	1.00000584191
2456896.09257	1.00000566078
2456896.0931	1.0000055078
2456896.09372	1.00000533282
2456896.09425	1.00000518508
2456896.09487	1.00000501618
2456896.0954	1.00000487364
2456896.09602	1.00000471075
2456896.09655	1.00000457336
2456896.09717	1.00000441643
2456896.0977	1.00000428412
2456896.09832	1.00000413308
2456896.09885	1.00000400582
2456896.09947	1.00000386062
2456896.1	1.00000373834
2456896.10062	1.00000359891
2456896.10116	1.00000348158
2456896.10177	0.999971461424
2456896.10231	0.999845666461
2456896.10293	0.999541744446
2456896.10346	0.999177893731
2456896.10408	0.998673329764
2456896.10461	0.998186010667
2456896.10523	0.997570441165
2456896.10576	0.997009783711
2456896.10638	0.996331153151
2456896.10691	0.99573434294
2456896.10753	0.995034459726
2456896.10806	0.994438038994
2456896.10868	0.993762424834
2456896.10921	0.993210469567
2456896.10983	0.99262119848
2456896.11036	0.992185875445
2456896.11098	0.991827632516
2456896.11151	0.991657005256
2456896.11213	0.991552183088
2456896.11266	0.991476209015
2456896.11328	0.991394348653
2456896.11381	0.991328585117
2456896.11443	0.991256490957
2456896.11496	0.991197875519
2456896.11558	0.99113304782
2456896.11612	0.991079973342
2456896.11673	0.991020947822
2456896.11727	0.990972402494
2456896.11789	0.990918209342
2456896.11842	0.990873495898
2456896.11904	0.990823445699
2456896.11957	0.990782055601
2456896.12019	0.990735634488
2456896.12072	0.990697181469
2456896.12134	0.990653993061
2456896.12187	0.990618174863
2456896.12249	0.990577905063
2456896.12302	0.990544479652
2456896.12364	0.990506874449
2456896.12417	0.990475644303
2456896.12479	0.990440494815
2456896.12532	0.990411296284
2456896.12594	0.990378428301
2456896.12647	0.990351124168
2456896.12709	0.990320390828
2456896.12762	0.99029486476
2456896.12824	0.990266140994
2456896.12877	0.990242293609
2456896.12939	0.990215472108
2456896.12993	0.990193217777
2456896.13054	0.990168205916
2456896.13108	0.990147470472
2456896.1317	0.990124187768
2456896.13223	0.990104906697
2456896.13285	0.990083282976
2456896.13338	0.990065399896
2456896.134	0.990045373774
2456896.13453	0.990028839269
2456896.13515	0.990010356878
2456896.13568	0.989995127602
2456896.1363	0.989978141662
2456896.13683	0.989964179519
2456896.13745	0.989948648455
2456896.13798	0.989935919987
2456896.1386	0.989921807343
2456896.13913	0.989910283206
2456896.13975	0.989897557049
2456896.14028	0.989887211573
2456896.1409	0.989875844022
2456896.14143	0.989866654884
2456896.14205	0.989856621756
2456896.14258	0.989848569652
2456896.1432	0.989839850151
2456896.14374	0.989832918551
2456896.14435	0.989825494981
2456896.14489	0.989819669958
2456896.1455	0.989813527532
2456896.14604	0.98980879755
2456896.14666	0.989803924211
2456896.14719	0.98980028003
2456896.14781	0.989796666313
2456896.14834	0.989794100866
2456896.14896	0.989791739794
2456896.14949	0.98979024811
2456896.15011	0.989789135106
2456896.15064	0.989788714265
2456896.15126	0.989788847116
2456896.15179	0.989789496204
2456896.15241	0.989790875029
2456896.15294	0.989792595136
2456896.15356	0.98979522239
2456896.15409	0.989798016622
2456896.15471	0.989801897118
2456896.15524	0.989805770629
2456896.15586	0.989810911599
2456896.15639	0.989815871642
2456896.15701	0.989822282808
2456896.15754	0.989828338825
2456896.15816	0.989836032505
2456896.1587	0.989843196233
2456896.15931	0.989852187499
2456896.15985	0.989860473092
2456896.16047	0.989870779929
2456896.161	0.989880204132
2456896.16162	0.989891847663
2456896.16215	0.989902430048
2456896.16277	0.989915434796
2456896.1633	0.989927197961
2456896.16392	0.989941592157
2456896.16445	0.989954562073
2456896.16507	0.989970378076
2456896.1656	0.989984584409
2456896.16622	0.990001859139
2456896.16675	0.990017335717
2456896.16737	0.990036111209
2456896.1679	0.990052896558
2456896.16852	0.990073220684
2456896.16905	0.990091358612
2456896.16967	0.99011328588
2456896.1702	0.990132826344
2456896.17082	0.990156418857
2456896.17135	0.990177418888
2456896.17197	0.990202747687
2456896.17251	0.99022527254
2456896.17312	0.990252419065
2456896.17366	0.990276543782
2456896.17428	0.990305601895
2456896.17481	0.990331413109
2456896.17543	0.990362491518
2456896.17596	0.990390089922
2456896.17658	0.990423315364
2456896.17711	0.990452818827
2456896.17773	0.990488340359
2456896.17826	0.990519888074
2456896.17888	0.99055788252
2456896.17941	0.990591640589
2456896.18003	0.990632320236
2456896.18056	0.990668489437
2456896.18118	0.990712112795
2456896.18171	0.990750939461
2456896.18233	0.990797826576
2456896.18286	0.99083961887
2456896.18348	0.990890174615
2456896.18401	0.990935327148
2456896.18463	0.99099007755
2456896.18516	0.991039111495
2456896.18578	0.991098764677
2456896.18631	0.991152397489
2456896.18693	0.991217954496
2456896.18747	0.991277233433
2456896.18808	0.991350217133
2456896.18862	0.991416822688
2456896.18924	0.991499872538
2456896.18977	0.991577090818
2456896.19039	0.991690956534
2456896.19092	0.991881984387
2456896.19154	0.992269399965
2456896.19207	0.992719386384
2456896.19269	0.993319506501
2456896.19322	0.993877298533
2456896.19384	0.994557260646
2456896.19437	0.995155213229
2456896.19499	0.995855247496
2456896.19552	0.996450361677
2456896.19614	0.997125613744
2456896.19667	0.997681597434
2456896.19729	0.99829017151
2456896.19782	0.998769414395
2456896.19844	0.999262140267
2456896.19897	0.999612098162
2456896.19959	0.999890446789
2456896.20012	0.999996250773
2456896.20074	1.00001711138
2456896.20128	1.00001738848
2456896.20189	1.00001771457
2456896.20243	1.00001799754
2456896.20305	1.00001833051
2456896.20358	1.00001861942
2456896.2042	1.00001895936
2456896.20473	1.00001925427
2456896.20535	1.00001960124
2456896.20588	1.00001990223
2456896.2065	1.00002025631
2456896.20703	1.00002056344
2456896.20765	1.00002092471
2456896.20818	1.00002123804
2456896.2088	1.00002160658
2456896.20933	1.00002192619
2456896.20995	1.00002230208
2456896.21048	1.00002262803
2456896.2111	1.00002301135
2456896.21163	1.00002334371
2456896.21225	1.00002373454
2456896.21278	1.00002407339
2456896.2134	1.00002447182
2456896.21393	1.00002481722
2456896.21455	1.00002522332
2456896.21509	1.00002557535
2456896.2157	1.00002598921
2456896.21624	1.00002634793
2456896.21686	1.00002676964
2456896.21739	1.00002713513
2456896.21801	1.00002756477
2456896.21854	1.0000279371
2456896.21916	1.00002837475
2456896.21969	1.000028754
2456896.22031	1.00002919975
2456896.22084	1.00002958599
2456896.22146	1.00003003992
2456896.22199	1.00003043322
2456896.22261	1.00003089543
2456896.22314	1.00003129587
2456896.22376	1.00003176643
2456896.22429	1.00003217408
2456896.22491	1.00003265309
2456896.22544	1.00003306803
2456896.22606	1.00003355558
2456896.22659	1.00003397788
2456896.22721	1.00003447405
2456896.22774	1.00003490379
2456896.22836	1.00003540867
2456896.22889	1.00003584592
2456896.22951	1.0000363596
2456896.23005	1.00003680445
2456896.23066	1.00003732701
2456896.2312	1.00003777953
2456896.23182	1.00003831107
2456896.23235	1.00003877133
2456896.23297	1.00003931193
2456896.2335	1.00003978001
2456896.23412	1.00004032978
2456896.23465	1.00004080575
2456896.23527	1.00004136476
2456896.2358	1.0000418487
2456896.23642	1.00004241705
2456896.23695	1.00004290904
2456896.23757	1.00004348681
2456896.2381	1.00004398693
2456896.23872	1.00004457422
2456896.23925	1.00004508254
2456896.23987	1.00004567943
2456896.2404	1.00004619603
2456896.24102	1.00004680261
2456896.24155	1.00004732757
2456896.24217	1.00004794393
2456896.2427	1.00004847733
2456896.24332	1.00004910356
2456896.24386	1.00004964546
2456896.24447	1.00005028165
2456896.24501	1.00005083214
2456896.24563	1.00005147838
2456896.24616	1.00005203753
2456896.24678	1.0000526939
2456896.24731	1.00005326179
2456896.24793	1.00005392839
2456896.24846	1.00005450509
2456896.24908	1.000055182
2456896.24961	1.00005576759
2456896.25023	1.0000564549
2456896.25076	1.00005704945
2456896.25138	1.00005774725
2456896.25191	1.00005835084
2456896.25253	1.00005905921
2456896.25306	1.00005967191
2456896.25368	1.00006039094
2456896.25421	1.00006101282
2456896.25483	1.0000617426
2456896.25536	1.00006237374
2456896.25598	1.00006311435
2456896.25651	1.00006375482
2456896.25713	1.00006450634
2456896.25766	1.00006515622
2456896.25828	1.00006591874
2456896.25882	1.00006657809
2456896.25943	1.00006735169
2456896.25997	1.00006802058
2456896.26059	1.00006880535
2456896.26112	1.00006948386
2456896.26174	1.00007027988
2456896.26227	1.00007096807
2456896.26289	1.00007177542
2456896.26342	1.00007247336
2456896.26404	1.00007329212
2456896.26457	1.00007399989
2456896.26519	1.00007483013
2456896.26572	1.00007554779
2456896.26634	1.0000763896
2456896.26687	1.00007711722
2456896.26749	1.00007797067
2456896.26802	1.00007870832
2456896.26864	1.00007957349
2456896.26917	1.00008032123
2456896.26979	1.0000811982
2456896.27032	1.00008195609
2456896.27094	1.00008284493
2456896.27147	1.00008361304
2456896.27209	1.00008451383
2456896.27263	1.00008529221
2456896.27324	1.00008620502
2456896.27378	1.00008699375
2456896.2744	1.00008791865
2456896.27493	1.00008871779
2456896.27555	1.00008965485
2456896.27608	1.00009046445
2456896.2767	1.00009141374
2456896.27723	1.00009223386
2456896.27785	1.00009319545
2456896.27838	1.00009402615
2456896.279	1.00009500011
2456896.27953	1.00009584145
2456896.28015	1.00009682784
2456896.28068	1.00009767987
2456896.2813	1.00009867875
2456896.28183	1.00009954154
2456896.28245	1.00010055298
2456896.28298	1.00010142657
2456896.2836	1.00010245063
2456896.28413	1.00010333507
2456896.28475	1.00010437181
2456896.28528	1.00010526716
2456896.2859	1.00010631665
2456896.28643	1.00010722295
2456896.28705	1.00010828523
2456896.28759	1.00010920253
2456896.28821	1.00011027767
2456896.28874	1.00011120602
2456896.28936	1.00011229407
2456896.28989	1.00011323352
2456896.29051	1.00011433453
2456896.29104	1.00011528512
2456896.29166	1.00011639914
2456896.29219	1.00011736092
2456896.29281	1.00011848801
2456896.29334	1.00011946101
2456896.29396	1.00012060121
2456896.29449	1.00012158548
2456896.29511	1.00012273883
2456896.29564	1.00012373441
2456896.29626	1.00012490096
2456896.29679	1.00012590788
2456896.29741	1.00012708768
2456896.29794	1.00012810598
2456896.29856	1.00012929907
2456896.29909	1.00013032879
2456896.29971	1.0001315352
2456896.30024	1.00013257636
2456896.30086	1.00013379614
2456896.3014	1.00013484878
2456896.30201	1.00013608195
2456896.30255	1.0001371461
2456896.30317	1.00013839271
2456896.3037	1.0001394684
2456896.30432	1.00014072847
2456896.30485	1.00014181572
2456896.30547	1.00014308929
2456896.306	1.00014418813
2456896.30662	1.00014547522
2456896.30715	1.00014658567
2456896.30777	1.00014788631
2456896.3083	1.0001490084
2456896.30892	1.00015032261
2456896.30945	1.00015145635
2456896.31007	1.00015278416
2456896.3106	1.00015392957
2456896.31122	1.00015527099
2456896.31175	1.00015642809
2456896.31237	1.00015778315
2456896.3129	1.00015895194
2456896.31352	1.00016032066
2456896.31405	1.00016150116
2456896.31467	1.00016288354
2456896.31521	1.00016407577
2456896.31582	1.00016547183
2456896.31636	1.00016667579
2456896.31698	1.00016808553
2456896.31751	1.00016930124
2456896.31813	1.00017072467
2456896.31866	1.00017195212
2456896.31928	1.00017338925
2456896.31981	1.00017462845
2456896.32043	1.00017607928
2456896.32096	1.00017733024
2456896.32158	1.00017879477
2456896.32211	1.00018005747
2456896.32273	1.0001815357
2456896.32326	1.00018281015
2456896.32388	1.00018430207
2456896.32441	1.00018558826
2456896.32503	1.00018709388
2456896.32556	1.00018839181
2456896.32618	1.0001899111
2456896.32671	1.00019122076
2456896.32733	1.00019275372
2456896.32786	1.00019407509
2456896.32848	1.00019562171
2456896.32901	1.00019695479
2456896.32963	1.00019851505
2456896.33017	1.00019985982
2456896.33078	1.0002014337
2456896.33132	1.00020279014
2456896.33194	1.00020437762
2456896.33247	1.00020574571
2456896.33309	1.00020734678
2456896.33362	1.0002087265
2456896.33424	1.00021034112
2456896.33477	1.00021173246
2456896.33539	1.0002133606
2456896.33592	1.00021476352
2456896.33654	1.00021640515
2456896.33707	1.00021781963
2456896.33769	1.00021947473
2456896.33822	1.00022090074
2456896.33884	1.00022256926
2456896.33937	1.00022400676
2456896.33999	1.00022568868
2456896.34052	1.00022713764
2456896.34114	1.0002288329
2456896.34167	1.00023029329
2456896.34229	1.00023200186
2456896.34282	1.00023347364
2456896.34344	1.00023519546
2456896.34398	1.00023667859
2456896.34459	1.00023841363
2456896.34513	1.00023990806
2456896.34575	1.00024165626
2456896.34628	1.00024316195
2456896.3469	1.00024492325
2456896.34743	1.00024644016
2456896.34805	1.00024821452
2456896.34858	1.00024974259
2456896.3492	1.00025152994
2456896.34973	1.00025306912
2456896.35035	1.0002548694
2456896.35088	1.00025641964
2456896.3515	1.00025823279
2456896.35203	1.00025979404
2456896.35265	1.00026161999
2456896.35318	1.00026319218
2456896.3538	1.00026503086
2456896.35433	1.00026661394
2456896.35495	1.00026846528
2456896.35548	1.00027005918
2456896.3561	1.0002719231
2456896.35663	1.00027352776
2456896.35725	1.0002754042
2456896.35778	1.00027701954
2456896.3584	1.00027890841
2456896.35894	1.00028053437
2456896.35956	1.00028243559
2456896.36009	1.0002840721
2456896.36071	1.00028598558
2456896.36124	1.00028763257
2456896.36186	1.00028955822
2456896.36239	1.00029121561
2456896.36301	1.00029315334
2456896.36354	1.00029482105
2456896.36416	1.00029677078
2456896.36469	1.00029844872
2456896.36531	1.00030041035
2456896.36584	1.00030209845
2456896.36646	1.00030407188
2456896.36699	1.00030577004
2456896.36761	1.00030775517
2456896.36814	1.00030946332
2456896.36876	1.00031146004
2456896.36929	1.00031317808
2456896.36991	1.00031518629
2456896.37044	1.00031691413
2456896.37106	1.00031893371
2456896.37159	1.00032067126
2456896.37221	1.00032270212
2456896.37275	1.00032444927
2456896.37336	1.00032649128
2456896.3739	1.00032824795
2456896.37452	1.000330301
2456896.37505	1.00033206707
2456896.37567	1.00033413104
2456896.3762	1.00033590641
2456896.37682	1.00033798118
2456896.37735	1.00033976575
2456896.37797	1.00034185119
2456896.3785	1.00034364486
2456896.37912	1.00034574084
2456896.37965	1.00034754349
2456896.38027	1.00034964988
2456896.3808	1.0003514614
2456896.38142	1.00035357808
2456896.38195	1.00035539835
2456896.38257	1.00035752518
2456896.3831	1.00035935408
2456896.38372	1.00036149092
2456896.38425	1.00036332835
2456896.38487	1.00036547506
2456896.3854	1.00036732088
2456896.38602	1.00036947732
2456896.38656	1.00037133142
2456896.38717	1.00037349744
2456896.38771	1.00037535968
2456896.38833	1.00037753514
2456896.38886	1.0003794054
2456896.38948	1.00038159015
2456896.39001	1.0003834683
2456896.39063	1.00038566218
2456896.39116	1.00038754809
2456896.39178	1.00038975095
2456896.39231	1.00039164449
2456896.39293	1.00039385617
2456896.39346	1.00039575719
2456896.39408	1.00039797754
2456896.39461	1.00039988591
2456896.39523	1.00040211475
2456896.39576	1.00040403033
2456896.39638	1.00040626751
2456896.39691	1.00040819015
2456896.39753	1.0004104355
2456896.39806	1.00041236507
2456896.39868	1.00041461842
2456896.39921	1.00041655476
2456896.39983	1.00041881593
2456896.40036	1.0004207589
2456896.40098	1.00042302773
2456896.40152	1.00042497718
2456896.40213	1.00042725348
2456896.40267	1.00042920925
2456896.40329	1.00043149285
2456896.40382	1.00043345479
2456896.40444	1.00043574551
2456896.40497	1.00043771346
2456896.40559	1.00044001111
2456896.40612	1.00044198492
2456896.40674	1.00044428932
2456896.40727	1.00044626883
2456896.40789	1.00044857978
2456896.40842	1.00045056482
2456896.40904	1.00045288215
2456896.40957	1.00045487256
2456896.41019	1.00045719606
2456896.41072	1.00045919168
2456896.41134	1.00046152116
2456896.41187	1.00046352181
2456896.41249	1.00046585708
2456896.41302	1.0004678626
2456896.41364	1.00047020346
2456896.41417	1.00047221368
2456896.41479	1.00047455993
2456896.41533	1.00047657467
2456896.41594	1.0004789261
2456896.41648	1.00048094519
2456896.4171	1.00048330161
2456896.41763	1.00048532486
2456896.41825	1.00048768606
2456896.41878	1.00048971331
2456896.4194	1.00049207907
2456896.41993	1.00049411013
2456896.42055	1.00049648025
2456896.42108	1.00049851495
2456896.4217	1.00050088921
2456896.42223	1.00050292736
2456896.42285	1.00050530555
2456896.42338	1.00050734696
2456896.424	1.00050972887
2456896.42453	1.00051177336
2456896.42515	1.00051415876
2456896.42568	1.00051620615
2456896.4263	1.00051859483
2456896.42683	1.00052064492
2456896.42745	1.00052303665
2456896.42798	1.00052508926
2456896.4286	1.00052748382
2456896.42913	1.00052953875
2456896.42975	1.00053193592
2456896.43029	1.00053399297
2456896.43091	1.00053639253
2456896.43144	1.00053845151
2456896.43206	1.00054085322
2456896.43259	1.00054291394
2456896.43321	1.00054531757
2456896.43374	1.00054737983
2456896.43436	1.00054978516
2456896.43489	1.00055184876
2456896.43551	1.00055425555
2456896.43604	1.00055632029
2456896.43666	1.0005587283
2456896.43719	1.00056079398
2456896.43781	1.00056320299
2456896.43834	1.0005652694
2456896.43896	1.00056767916
2456896.43949	1.00056974611
2456896.44011	1.00057215639
2456896.44064	1.00057422367
2456896.44126	1.00057663422
2456896.44179	1.00057870162
2456896.44241	1.00058111221
2456896.44294	1.00058317953
2456896.44356	1.00058558991
2456896.4441	1.00058765693
2456896.44471	1.00059006686
2456896.44525	1.00059213338
2456896.44587	1.00059454263
2456896.4464	1.00059660843
2456896.44702	1.00059901673
2456896.44755	1.00060108162
2456896.44817	1.00060348873
2456896.4487	1.00060555248
2456896.44932	1.00060795817
2456896.44985	1.00061002056
2456896.45047	1.00061242457
2456896.451	1.0006144854
2456896.45162	1.00061688747
2456896.45215	1.00061894653
2456896.45277	1.00062134642
2456896.4533	1.00062340349
2456896.45392	1.00062580094
2456896.45445	1.0006278558
2456896.45507	1.00063025057
2456896.4556	1.00063230301
2456896.45622	1.00063469483
2456896.45675	1.00063674463
2456896.45737	1.00063913326
2456896.4579	1.00064118019
2456896.45852	1.00064356538
2456896.45906	1.00064560923
2456896.45968	1.00064799071
2456896.46021	1.00065003127
2456896.46083	1.00065240879
2456896.46136	1.00065444583
2456896.46198	1.00065681913
2456896.46251	1.00065885243
2456896.46313	1.00066122126
2456896.46366	1.0006632506
2456896.46428	1.0006656147
2456896.46481	1.00066763986
2456896.46543	1.00066999897
2456896.46596	1.00067201972
2456896.46658	1.00067437358
2456896.46711	1.00067638971
2456896.46773	1.00067873807
2456896.46826	1.00068074935
2456896.46888	1.00068309194
2456896.46941	1.00068509815
2456896.47003	1.00068743471
2456896.47056	1.00068943564
2456896.47118	1.00069176591
2456896.47171	1.00069376132
2456896.47233	1.00069608504
2456896.47287	1.00069807471
2456896.47349	1.00070039163
2456896.47402	1.00070237534
2456896.47464	1.00070468519
2456896.47517	1.00070666272
2456896.47579	1.00070896524
2456896.47632	1.00071093635
2456896.47694	1.00071323128
2456896.47747	1.00071519577
2456896.47809	1.00071748285
2456896.47862	1.00071944048
2456896.47924	1.00072171945
2456896.47977	1.00072367
2456896.48039	1.0007259406
2456896.48092	1.00072788385
2456896.48154	1.00073014582
2456896.48207	1.00073208154
2456896.48269	1.00073433462
2456896.48322	1.0007362626
2456896.48384	1.00073850652
2456896.48437	1.00074042653
2456896.48499	1.00074266104
2456896.48552	1.00074457286
2456896.48614	1.0007467977
2456896.48668	1.0007487011
2456896.48729	1.00075091601
2456896.48783	1.00075281078
2456896.48845	1.0007550155
2456896.48898	1.00075690141
2456896.4896	1.00075909569
2456896.49013	1.00076097251
2456896.49075	1.00076315609
2456896.49128	1.00076502361
2456896.4919	1.00076719623
2456896.49243	1.00076905423
2456896.49305	1.00077121563
2456896.49358	1.0007730639
2456896.4942	1.00077521382
2456896.49473	1.00077705213
2456896.49535	1.00077919033
2456896.49588	1.00078101846
2456896.4965	1.00078314467
2456896.49703	1.00078496241
2456896.49765	1.00078707638
2456896.49818	1.00078888351
2456896.4988	1.000790985
2456896.49933	1.0007927813
2456896.49995	1.00079487004
2456896.50048	1.0007966553
2456896.5011	1.00079873105
2456896.50164	1.00080050505
2456896.50226	1.00080256756
2456896.50279	1.00080433009
2456896.50341	1.00080637911
2456896.50394	1.00080812995
2456896.50456	1.00081016523
2456896.50509	1.00081190418
2456896.50571	1.00081392547
2456896.50624	1.00081565231
2456896.50686	1.00081765937
2456896.50739	1.0008193739
2456896.50801	1.00082136648
2456896.50854	1.00082306847
2456896.50916	1.00082504633
2456896.50969	1.0008267356
2456896.51031	1.00082869849
2456896.51084	1.00083037482
2456896.51146	1.00083232251
2456896.51199	1.00083398568
2456896.51261	1.00083591793
2456896.51314	1.00083756776
2456896.51376	1.00083948433
2456896.51429	1.00084112059
2456896.51491	1.00084302124
2456896.51545	1.00084464376
2456896.51606	1.00084652825
2456896.5166	1.00084813681
2456896.51722	1.00085000492
2456896.51775	1.00085159931
2456896.51837	1.00085345081
2456896.5189	1.00085503085
2456896.51952	1.00085686549
2456896.52005	1.00085843098
2456896.52067	1.00086024854
2456896.5212	1.00086179928
2456896.52182	1.00086359954
2456896.52235	1.00086513534
2456896.52297	1.00086691807
2456896.5235	1.00086843874
2456896.52412	1.00087020371
2456896.52465	1.00087170905
2456896.52527	1.00087345605
2456896.5258	1.00087494588
2456896.52642	1.00087667469
2456896.52695	1.00087814881
2456896.52757	1.0008798592
2456896.5281	1.00088131745
2456896.52872	1.00088300921
2456896.52925	1.00088445138
2456896.52987	1.00088612429
2456896.53041	1.00088755021
2456896.53103	1.00088920407
2456896.53156	1.00089061355
2456896.53218	1.00089224815
2456896.53271	1.00089364102
2456896.53333	1.00089525614
2456896.53386	1.00089663222
2456896.53448	1.00089822766
2456896.53501	1.00089958677
2456896.53563	1.00090116233
2456896.53616	1.00090250431
2456896.53678	1.00090405978
2456896.53731	1.00090538445
2456896.53793	1.00090691964
2456896.53846	1.00090822682
2456896.53908	1.00090974153
2456896.53961	1.00091103107
2456896.54023	1.0009125251
2456896.54076	1.00091379683
2456896.54138	1.00091527
2456896.54191	1.00091652375
2456896.54253	1.00091797586
2456896.54306	1.00091921147
2456896.54368	1.00092064234
2456896.54422	1.00092185966
2456896.54484	1.00092326909
2456896.54537	1.00092446796
2456896.54599	1.00092585578
2456896.54652	1.00092703604
2456896.54714	1.00092840207
2456896.54767	1.00092956356
2456896.54829	1.00093090763
2456896.54882	1.00093205021
2456896.54944	1.00093337213
2456896.54997	1.00093449565
2456896.55059	1.00093579526
2456896.55112	1.00093689957
2456896.55174	1.0009381767
2456896.55227	1.00093926166
2456896.55289	1.00094051613
2456896.55342	1.00094158161
2456896.55404	1.00094281326
2456896.55457	1.0009438591
2456896.55519	1.00094506779
2456896.55572	1.00094609386
2456896.55634	1.00094727941
2456896.55687	1.00094828558
2456896.55749	1.00094944784
2456896.55803	1.00095043398
2456896.55864	1.00095157279
2456896.55918	1.00095253877
2456896.5598	1.00095365399
2456896.56033	1.00095459968
2456896.56095	1.00095569116
2456896.56148	1.00095661643
2456896.5621	1.00095768404
2456896.56263	1.00095858877
2456896.56325	1.00095963235
2456896.56378	1.00096051643
2456896.5644	1.00096153585
2456896.56493	1.00096239916
2456896.56555	1.00096339428
2456896.56608	1.0009642367
2456896.5667	1.00096520739
2456896.56723	1.00096602881
2456896.56785	1.00096697495
2456896.56838	1.00096777527
2456896.569	1.00096869672
2456896.56953	1.00096947582
2456896.57015	1.00097037247
2456896.57068	1.0009711015
2456896.5713	1.00096542567
2456896.57183	1.00094654191
2456896.57245	1.00090477588
2456896.57299	1.00085783062
2456896.57361	1.00079432259
2456896.57414	1.00073430151
2456896.57476	1.00065946715
2456896.57529	1.00059239689
2456896.57591	1.00051202395
2456896.57644	1.00044236149
2456896.57706	1.000361445
2456896.57759	1.0002935239
2456896.57821	1.00021745889
2456896.57874	1.00015648425
2456896.57936	1.00009262725
2456896.57989	1.00004713483
2456896.58051	1.00001292365
2456896.58104	1.00000137608
2456896.58166	1.0
2456896.58219	1.0
2456896.58281	1.0
2456896.58334	1.0
2456896.58396	1.0
2456896.58449	1.0
2456896.58511	1.0
2456896.58564	1.0
2456896.58626	1.0
2456896.5868	1.0
2456896.58741	1.0
2456896.58795	1.0
2456896.58857	1.0
2456896.5891	1.0
2456896.58972	1.0
2456896.59025	1.0
2456896.59087	1.0
2456896.5914	1.0
2456896.59202	1.0
2456896.59255	1.0
2456896.59317	1.0
2456896.5937	1.0
2456896.59432	1.0
2456896.59485	1.0
2456896.59547	1.0
2456896.596	1.0
2456896.59662	1.0
2456896.59715	1.0
2456896.59777	1.0
2456896.5983	1.0
2456896.59892	1.0
2456896.59945	1.0
2456896.60007	1.0
2456896.6006	1.0
2456896.60122	1.0
2456896.60176	1.0
2456896.60238	1.0
2456896.60291	1.0
2456896.60353	1.0
2456896.60406	1.0
2456896.60468	1.0
2456896.60521	1.0
2456896.60583	1.0
2456896.60636	1.0
2456896.60698	1.0
2456896.60751	1.0
2456896.60813	1.0
2456896.60866	1.0
2456896.60928	1.0
2456896.60981	1.0
2456896.61043	1.0
2456896.61096	1.0
2456896.61158	1.0
2456896.61211	1.0
2456896.61273	1.0
2456896.61326	1.0
2456896.61388	1.0
2456896.61441	1.0
2456896.61503	1.0
2456896.61557	1.0
2456896.61619	1.0
2456896.61672	1.0
2456896.61734	1.0
2456896.61787	1.0
2456896.61849	1.0
2456896.61902	1.0
2456896.61964	1.0
2456896.62017	1.0
2456896.62079	1.0
2456896.62132	1.0
2456896.62194	1.0
2456896.62247	1.0
2456896.62309	1.0
2456896.62362	1.0
2456896.62424	1.0
2456896.62477	1.0
2456896.62539	1.0
2456896.62592	1.0
2456896.62654	1.0
2456896.62707	1.0
2456896.62769	1.0
2456896.62822	1.0
2456896.62884	1.0
2456896.62937	1.0
2456896.62999	1.0
2456896.63053	1.0
2456896.63115	1.0
2456896.63168	1.0
2456896.6323	1.0
2456896.63283	1.0
2456896.63345	1.0
2456896.63398	1.0
2456896.6346	1.0
2456896.63513	1.0
2456896.63575	1.0
2456896.63628	1.0
2456896.6369	1.0
2456896.63743	1.0
2456896.63805	1.0
2456896.63858	1.0
2456896.6392	1.0
2456896.63973	1.0
2456896.64035	1.0
2456896.64088	1.0
2456896.6415	1.0
2456896.64203	1.0
2456896.64265	1.0
2456896.64318	1.0
2456896.6438	1.0
2456896.64434	1.0
2456896.64496	1.0
2456896.64549	1.0
2456896.64611	1.0
2456896.64664	1.0
2456896.64726	1.0
2456896.64779	1.0
2456896.64841	1.0
2456896.64894	1.0
2456896.64956	1.0
2456896.65009	1.0
2456896.65071	1.0
2456896.65124	1.0
2456896.65186	1.0
2456896.65239	1.0
2456896.65301	1.0
2456896.65354	1.0
2456896.65416	1.0
2456896.65469	1.0
2456896.65531	1.0
2456896.65584	1.0
2456896.65646	1.0
2456896.65699	1.0
2456896.65761	1.0
2456896.65815	1.0
2456896.65876	1.0
2456896.6593	1.0
2456896.65992	1.0
2456896.66045	1.0
2456896.66107	1.00000070528
2456896.6616	1.00000982781
2456896.66222	1.00003970354
2456896.66275	1.00008181723
2456896.66337	1.00014200172
2456896.6639	1.00019984211
2456896.66452	1.00027229307
2456896.66505	1.00033710357
2456896.66567	1.00041446975
2456896.6662	1.00048112385
2456896.66682	1.00055814486
2456896.66735	1.00062245902
2456896.66797	1.00069435544
2456896.6685	1.00075211017
2456896.66912	1.00081346556
2456896.66965	1.00085911681
2456896.67027	1.00090076726
2456896.6708	1.00092065297
2456896.67142	1.00092733427
2456896.67195	1.00092633262
2456896.67257	1.00092494334
2456896.67311	1.00092374391
2456896.67373	1.00092233271
2456896.67426	1.00092111459
2456896.67488	1.00091968165
2456896.67541	1.00091844499
2456896.67603	1.00091699049
2456896.67656	1.00091573545
2456896.67718	1.00091425957
2456896.67771	1.00091298631
2456896.67833	1.00091148924
2456896.67886	1.00091019792
2456896.67948	1.00090867984
2456896.68001	1.00090737062
2456896.68063	1.00090583174
2456896.68116	1.00090450478
2456896.68178	1.00090294528
2456896.68231	1.00090160075
2456896.68293	1.00090002083
2456896.68346	1.00089865891
2456896.68408	1.00089705876
2456896.68461	1.00089567961
2456896.68523	1.00089405944
2456896.68576	1.00089266324
2456896.68638	1.00089102325
2456896.68692	1.00088961016
2456896.68754	1.00088795056
2456896.68807	1.00088652077
2456896.68869	1.00088484176
2456896.68922	1.00088339545
2456896.68984	1.00088169725
2456896.69037	1.00088023459
2456896.69099	1.0008785174
2456896.69152	1.00087703858
2456896.69214	1.00087530261
2456896.69267	1.00087380782
2456896.69329	1.0008720533
2456896.69382	1.00087054271
2456896.69444	1.00086876985
2456896.69497	1.00086724366
2456896.69559	1.00086545268
2456896.69612	1.00086391108
2456896.69674	1.0008621022
2456896.69727	1.00086054537
2456896.69789	1.00085871882
2456896.69842	1.00085714696
2456896.69904	1.00085530296
2456896.70019	1.00085185504
